%% MATPOWER Case Format : Version 2
function mpc = Hawaii40_20231026
	mpc.version = '2';
	
	%%-----  Power Flow Data  -----%%
	%% system MVA base
	mpc.baseMVA = 100.0;
	%% bus data
	%    bus_i    type    Pd    Qd    Gs    Bs    area    Vm    Va    baseKV    zone    Vmax    Vmin
	mpc.bus = [
		1	1	0.0	0.0	0.0	0.0	1	0.9935453	-1.119907	138.0	1	1.1	0.9	5.22	0.0	0.0	0.0
		2	2	60.699999999999996	0.0	0.0	0.0	1	0.991225	-3.927372	69.0	1	1.1	0.9	5.25	0.0	0.0	0.0
		3	1	59.39	0.0	0.0	0.0	1	0.9845477	-4.731145	69.0	1	1.1	0.9	5.71	-0.03	0.0	0.0
		4	1	22.47	0.0	0.0	0.0	1	0.9787999	-5.74587	69.0	1	1.1	0.9	5.42	-0.01	0.0	0.0
		5	1	0.0	0.0	0.0	0.0	1	0.9889847	-2.069792	138.0	1	1.1	0.9	5.28	0.0	0.0	0.0
		6	1	27.46	0.0	0.0	0.0	1	0.9812064	-5.52816	69.0	1	1.1	0.9	5.49	-0.0	0.0	0.0
		7	1	37.01	0.0	0.0	0.0	1	0.9805826	-5.671337000000001	69.0	1	1.1	0.9	5.48	-0.0	0.0	0.0
		8	1	65.1	0.0	0.0	0.0	1	0.9786187	-5.702381	69.0	1	1.1	0.9	5.75	-0.03	0.0	0.0
		9	1	0.0	0.0	0.0	0.0	1	0.9867678	-2.548359	138.0	1	1.1	0.9	5.31	-0.0	0.0	0.0
		10	1	37.76	0.0	0.0	0.0	1	0.980941	-5.65196	69.0	1	1.1	0.9	5.47	0.0	0.0	0.0
		11	1	65.55	0.0	0.0	0.0	1	0.9749115	-6.522955	69.0	1	1.1	0.9	5.5	0.0	0.0	0.0
		12	1	54.010000000000005	0.0	0.0	0.0	1	0.9773269	-6.198354	69.0	1	1.1	0.9	5.51	-0.0	0.0	0.0
		13	1	59.24	0.0	0.0	0.0	1	0.978953	-6.094816	69.0	1	1.1	0.9	5.49	-0.0	0.0	0.0
		14	1	0.0	0.0	0.0	0.0	1	0.9837641	-3.136205	138.0	1	1.1	0.9	5.35	-0.0	0.0	0.0
		15	1	60.9	0.0	0.0	0.0	1	0.9786311	-6.029763	69.0	1	1.1	0.9	5.51	0.01	0.0	0.0
		16	1	23.83	0.0	0.0	32.0	1	0.9821866	-6.456032	69.0	1	1.1	0.9	5.56	-0.01	0.0	0.0
		17	1	12.04	0.0	0.0	0.0	1	0.9754957	-6.981904	69.0	1	1.1	0.9	5.53	-0.01	0.0	0.0
		18	1	36.32	0.0	0.0	0.0	1	0.9759604	-7.12115	69.0	1	1.1	0.9	5.55	-0.01	0.0	0.0
		19	1	48.6	0.0	0.0	0.0	1	0.991304	-3.514221	69.0	1	1.1	0.9	5.89	-0.04	0.0	0.0
		20	1	64.95	0.0	0.0	0.0	1	0.9896603	-1.963951	69.0	1	1.1	0.9	7.07	-0.18	0.0	0.0
		21	1	48.34	0.0	0.0	0.0	1	0.9799422	-5.268157	69.0	1	1.1	0.9	5.54	-0.01	0.0	0.0
		22	1	0.0	0.0	0.0	0.0	1	0.9963974	-0.844548	138.0	1	1.1	0.9	5.19	0.0	0.0	0.0
		23	3	86.75	0.0	0.0	0.0	1	1.0	-2.106015	69.0	1	1.1	0.9	5.1	0.0	0.0	0.0
		24	1	46.58	0.0	0.0	0.0	1	0.993402	-3.706851	69.0	1	1.1	0.9	4.59	-0.05	0.0	0.0
		25	1	0.0	0.0	0.0	0.0	1	0.9966141	-0.528763	138.0	1	1.1	0.9	5.2	0.0	0.0	0.0
		26	2	75.28	0.0	0.0	0.0	1	0.9951046	-3.596866	69.0	1	1.1	0.9	4.93	-0.02	0.0	0.0
		27	2	3.95	0.0	0.0	0.0	1	1.0034164	1.362694	69.0	1	1.1	0.9	7.78	-0.1	0.0	0.0
		28	2	8.82	0.0	0.0	0.0	1	1.0	0.234055	69.0	1	1.1	0.9	0.0	0.0	0.0	0.0
		29	1	7.7	0.0	0.0	0.0	1	0.9953834	-0.097274	69.0	1	1.1	0.9	7.84	-0.12	0.0	0.0
		30	1	49.03	0.0	0.0	0.0	1	0.9957983	-0.422344	69.0	1	1.1	0.9	8.14	-0.1	0.0	0.0
		31	1	9.62	0.0	0.0	0.0	1	0.995215	-2.101776	69.0	1	1.1	0.9	2.58	0.08	0.0	0.0
		32	1	6.67	0.0	0.0	0.0	1	0.9912167	-1.321157	69.0	1	1.1	0.9	7.37	-0.16	0.0	0.0
		33	2	58.21999999999999	0.0	0.0	0.0	1	0.995652	-3.050368	69.0	1	1.1	0.9	4.14	-0.01	0.0	0.0
		34	2	0.0	0.0	0.0	0.0	1	1.0	-2.084231	69.0	1	1.1	0.9	4.62	0.0	0.0	0.0
		35	2	0.0	0.0	0.0	0.0	1	1.0	0.37639	138.0	1	1.1	0.9	5.2	0.0	0.0	0.0
		36	2	0.0	0.0	0.0	0.0	1	0.9965724	-3.565242	69.0	1	1.1	0.9	4.59	-0.05	0.0	0.0
		37	2	0.0	0.0	0.0	0.0	1	1.0	0.25143	138.0	1	1.1	0.9	5.2	0.0	0.0	0.0
	];
	
	%% generator data
	%    bus    Pg    Qg    Qmax    Qmin    Vg    mBase    status    Pmax    Pmin    Pc1    Pc2    Qc1min    Qc1max    Qc2min    Qc2max    ramp_agc    ramp_10    ramp_30    ramp_q    apf
	mpc.gen = [
		2	2.5	0.8	0.8	-0.5	1.0	2.8	1	2.5	1.0	0.0	0.0	0.0	0.0	0.0	0.0	0.0	0.0	0.0	0.0	0.0	0.0	0.0	0.0	0.0
		2	2.5	0.8	0.8	-0.5	1.0	2.8	1	2.5	1.0	0.0	0.0	0.0	0.0	0.0	0.0	0.0	0.0	0.0	0.0	0.0	0.0	0.0	0.0	0.0
		2	2.5	0.8	0.8	-0.5	1.0	2.8	1	2.5	1.0	0.0	0.0	0.0	0.0	0.0	0.0	0.0	0.0	0.0	0.0	0.0	0.0	0.0	0.0	0.0
		2	2.5	0.8	0.8	-0.5	1.0	2.8	1	2.5	1.0	0.0	0.0	0.0	0.0	0.0	0.0	0.0	0.0	0.0	0.0	0.0	0.0	0.0	0.0	0.0
		23	69.27	0.04	23.3	-14.000000000000002	1.0	85.6	1	77.8	20.0	0.0	0.0	0.0	0.0	0.0	0.0	0.0	0.0	0.0	0.0	0.0	0.0	0.0	0.0	0.0
		23	39.13	0.04	13.8	-8.3	1.0	50.5	1	45.9	0.0	0.0	0.0	0.0	0.0	0.0	0.0	0.0	0.0	0.0	0.0	0.0	0.0	0.0	0.0	0.0
		23	69.27	0.04	23.3	-14.000000000000002	1.0	85.6	1	77.8	20.0	0.0	0.0	0.0	0.0	0.0	0.0	0.0	0.0	0.0	0.0	0.0	0.0	0.0	0.0	0.0
		23	47.64	0.04	15.6	-9.4	1.0	57.1	1	51.9	23.0	0.0	0.0	0.0	0.0	0.0	0.0	0.0	0.0	0.0	0.0	0.0	0.0	0.0	0.0	0.0
		23	47.11	0.04	15.5	-9.3	1.0	57.0	1	51.800000000000004	20.0	0.0	0.0	0.0	0.0	0.0	0.0	0.0	0.0	0.0	0.0	0.0	0.0	0.0	0.0	0.0
		23	44.53	0.04	15.4	-9.2	1.0	56.3	1	51.2	6.0	0.0	0.0	0.0	0.0	0.0	0.0	0.0	0.0	0.0	0.0	0.0	0.0	0.0	0.0	0.0
		23	44.53	0.04	15.4	-9.2	1.0	56.3	1	51.2	6.0	0.0	0.0	0.0	0.0	0.0	0.0	0.0	0.0	0.0	0.0	0.0	0.0	0.0	0.0	0.0
		23	43.61	0.04	14.3	-8.6	1.0	52.5	1	47.7	20.0	0.0	0.0	0.0	0.0	0.0	0.0	0.0	0.0	0.0	0.0	0.0	0.0	0.0	0.0	0.0
		23	43.19	0.04	14.2	-8.5	1.0	51.9	1	47.2	20.0	0.0	0.0	0.0	0.0	0.0	0.0	0.0	0.0	0.0	0.0	0.0	0.0	0.0	0.0	0.0
		23	12.53	0.04	4.4	-2.6	1.0	16.2	1	14.7	0.0	0.0	0.0	0.0	0.0	0.0	0.0	0.0	0.0	0.0	0.0	0.0	0.0	0.0	0.0	0.0
		26	20.0	6.0	6.0	-3.6000000000000005	1.0	22.0	1	20.0	0.0	0.0	0.0	0.0	0.0	0.0	0.0	0.0	0.0	0.0	0.0	0.0	0.0	0.0	0.0	0.0
		26	10.2	3.1	3.1	-1.9	1.0	11.2	1	10.2	0.0	0.0	0.0	0.0	0.0	0.0	0.0	0.0	0.0	0.0	0.0	0.0	0.0	0.0	0.0	0.0
		27	30.0	-5.4	9.0	-5.4	1.0	33.0	1	30.0	0.0	0.0	0.0	0.0	0.0	0.0	0.0	0.0	0.0	0.0	0.0	0.0	0.0	0.0	0.0	0.0
		27	27.6	-5.0	8.3	-5.0	1.0	30.4	1	27.6	1.0	0.0	0.0	0.0	0.0	0.0	0.0	0.0	0.0	0.0	0.0	0.0	0.0	0.0	0.0	0.0
		28	46.3	-5.49	14.7	-8.8	1.0	53.9	1	49.0	0.0	0.0	0.0	0.0	0.0	0.0	0.0	0.0	0.0	0.0	0.0	0.0	0.0	0.0	0.0	0.0
		28	69.0	-5.49	20.7	-12.4	1.0	75.9	1	69.0	0.0	0.0	0.0	0.0	0.0	0.0	0.0	0.0	0.0	0.0	0.0	0.0	0.0	0.0	0.0	0.0
		33	27.6	8.3	8.3	-5.0	1.0	30.4	1	27.6	0.0	0.0	0.0	0.0	0.0	0.0	0.0	0.0	0.0	0.0	0.0	0.0	0.0	0.0	0.0	0.0
		34	7.22	-0.98	2.5	-1.5	1.0	9.2	1	8.4	2.5	0.0	0.0	0.0	0.0	0.0	0.0	0.0	0.0	0.0	0.0	0.0	0.0	0.0	0.0	0.0
		34	6.04	-0.98	2.5	-1.5	1.0	9.2	1	8.4	2.5	0.0	0.0	0.0	0.0	0.0	0.0	0.0	0.0	0.0	0.0	0.0	0.0	0.0	0.0	0.0
		34	6.04	-0.98	2.5	-1.5	1.0	9.2	1	8.4	2.5	0.0	0.0	0.0	0.0	0.0	0.0	0.0	0.0	0.0	0.0	0.0	0.0	0.0	0.0	0.0
		34	6.04	-0.98	2.5	-1.5	1.0	9.2	1	8.4	2.5	0.0	0.0	0.0	0.0	0.0	0.0	0.0	0.0	0.0	0.0	0.0	0.0	0.0	0.0	0.0
		34	6.01	-0.98	2.5	-1.5	1.0	9.2	1	8.4	2.5	0.0	0.0	0.0	0.0	0.0	0.0	0.0	0.0	0.0	0.0	0.0	0.0	0.0	0.0	0.0
		34	7.22	-0.98	2.5	-1.5	1.0	9.2	1	8.4	2.5	0.0	0.0	0.0	0.0	0.0	0.0	0.0	0.0	0.0	0.0	0.0	0.0	0.0	0.0	0.0
		35	57.99999999999999	0.05	17.4	-10.4	1.0	63.8	1	57.99999999999999	5.0	0.0	0.0	0.0	0.0	0.0	0.0	0.0	0.0	0.0	0.0	0.0	0.0	0.0	0.0	0.0
		35	28.000000000000004	0.05	8.4	-5.0	1.0	30.8	1	28.000000000000004	5.0	0.0	0.0	0.0	0.0	0.0	0.0	0.0	0.0	0.0	0.0	0.0	0.0	0.0	0.0	0.0
		35	0.0	0.0	54.0	-32.4	1.0	198.0	0	180.0	63.0	0.0	0.0	0.0	0.0	0.0	0.0	0.0	0.0	0.0	0.0	0.0	0.0	0.0	0.0	0.0
		35	20.0	0.05	6.0	-3.6000000000000005	1.0	22.0	1	20.0	5.0	0.0	0.0	0.0	0.0	0.0	0.0	0.0	0.0	0.0	0.0	0.0	0.0	0.0	0.0	0.0
		35	67.0	0.05	25.5	-15.299999999999999	1.0	93.5	1	85.0	40.0	0.0	0.0	0.0	0.0	0.0	0.0	0.0	0.0	0.0	0.0	0.0	0.0	0.0	0.0	0.0
		35	0.0	0.0	25.5	-15.299999999999999	1.0	93.5	0	85.0	40.0	0.0	0.0	0.0	0.0	0.0	0.0	0.0	0.0	0.0	0.0	0.0	0.0	0.0	0.0	0.0
		35	50.0	0.05	15.0	-9.0	1.0	55.0	1	50.0	10.0	0.0	0.0	0.0	0.0	0.0	0.0	0.0	0.0	0.0	0.0	0.0	0.0	0.0	0.0	0.0
		35	56.2	0.05	33.9	-20.3	1.0	124.3	1	112.99999999999999	42.0	0.0	0.0	0.0	0.0	0.0	0.0	0.0	0.0	0.0	0.0	0.0	0.0	0.0	0.0	0.0
		36	2.0	1.0	1.0	-0.6	1.0	3.5	1	3.2	2.0	0.0	0.0	0.0	0.0	0.0	0.0	0.0	0.0	0.0	0.0	0.0	0.0	0.0	0.0	0.0
		36	2.1	1.0	1.0	-0.6	1.0	3.5	1	3.2	2.0	0.0	0.0	0.0	0.0	0.0	0.0	0.0	0.0	0.0	0.0	0.0	0.0	0.0	0.0	0.0
		36	2.0	1.0	1.0	-0.6	1.0	3.5	1	3.2	2.0	0.0	0.0	0.0	0.0	0.0	0.0	0.0	0.0	0.0	0.0	0.0	0.0	0.0	0.0	0.0
		36	2.48	1.0	1.0	-0.6	1.0	3.5	1	3.2	2.0	0.0	0.0	0.0	0.0	0.0	0.0	0.0	0.0	0.0	0.0	0.0	0.0	0.0	0.0	0.0
		37	0.0	0.0	38.6	-23.2	1.0	141.6	0	128.7	45.0	0.0	0.0	0.0	0.0	0.0	0.0	0.0	0.0	0.0	0.0	0.0	0.0	0.0	0.0	0.0
		37	0.0	0.0	38.4	-23.0	1.0	140.9	0	128.1	55.00000000000001	0.0	0.0	0.0	0.0	0.0	0.0	0.0	0.0	0.0	0.0	0.0	0.0	0.0	0.0	0.0
